Run 1 (boarders) at 5x5 and 0.7 spline 11 generations (roughly 10 mins):
76    27    92    82   100
80   165    64    59    85
32    71    72   130    77
32   128   171   150   116
41    34    92    91    80

Run 2 (refined boarders) at 9x9 0.8 spline 15 generation (roughly 30 mins): 
(coordinates relative to starting with Run 1 as first sample)
1     2     3     4     5     6     7     8     9
10    11    12    13    14    15    16    17    18
19    20    21    22    23    24    25   159    27
554    25   239    31    32    33    34   512   399
56   484   607    40    41    42    43   453   155
46   586   260    49    50    51    52   624   265
55    56   308   278    68    87     2    99   111
64    65    92   124   142    94   145   140   391
73    74    75    76    77    78    79    80    81


Run 3 (detailed boarders) at 14x14 0.8 spline 16 generations (20 mins) :
1           2           3           4           5           6           7           8           9          10        11          12          13          14
15          16          17          18          19          20          21          22          23          24      25          26          27          28
29          30          31          32          33          34          35          36          37          38      39          40          41          42
43          44          45        1023        1062         246         221        1196        1212           2      445        1554          55          56
618          58          59         585        1004        1198          63        1098        1201         280     67         461        1426          70
15          72          73          74          75          76          77        1290         511          80      81          82         121          84
686          86          87          88          89          90          91          92          93          94     95          96        1219           6
152         877         101         102         103         104         105         106         107         108     109         110        1047        1374
113         114        1131        1117        1034         404         119         120         121         122     123         124         988         925
127         128         129        1358         131         318         541         995         135        1119     91         199         139         140
141         142         143         784         145         146        1505        1545        1243         526     723         302         153         154
155         156         157         158         159         160         161         162         163         164     165         166         167         168
169         170         171         172         173         174         175         176         177         178     179         180         181         182
183         184         185         186         187         188         189         190         191         192     193         194         195         196


Run 4 (smoothing of playable area) at 9x9 0.99 spline 6 generations (5 mins)
1     2     3     4     5     6     7     8     9
10    11    12    13    14    15    16    17    18
19    20    21    22    23    24    25    26    27
28    29   184   169   164   526    34   440    36
37    38   438   214   229    42   229    42    45
46    47   240    49   563   485   576    53    54
55    56    57    58    59    60    61    62    63
64    65    66    67    68    69    70    71    72
73    74    75    76    77    78    79    80    81
