Run 1 (island outline) at 5x5, 0.9 spline, 6 generations (20mins)
51    17    53   119    55
56   107    58    24    60
61    41    63     2    65
66   109     9   109    70
71    72    13    74    75

Run 2 (island outline detail) at 9x9, 0.9 spline, 14 generations (15 mins)
487   488   489   490   491   492   493   494   495
496   497   498   499   500   501   502   503   504
505   506   507   508   509   510   511   512   513
491   515   516   517   518   519   520   521   189
539   530    97   561   527   528   529   530   557
553   216   345   535   536   537   538   539   189
541   542   543   544   545   546   547   548   549
550   551   552   553   554   499   326   557   558
559   560   561   562   563   564   565   566   567